4.046279
1.128743
0.389354
1.010553
0.111039
39
11.181254 25.155283
20.327001 -15.460226
-7.962778 13.409963
-10.644598 3.943842
-1.009184 6.545007
-6.476802 0.111820
21.276283 21.940732
6.887330 10.685167
-17.875681 6.035859
-24.356628 -12.945478
-19.116164 13.744502
-16.330255 -13.861553
-18.346374 -19.498891
23.633824 -16.592512
-1.236200 16.881712
5.442879 -10.393568
6.931590 1.330172
-0.611681 23.432733
-10.302385 13.630293
2.236413 13.588309
-4.771374 19.825637
-10.989457 -6.454271
15.169127 21.406542
-21.647530 22.181655
0.560855 -21.083957
-15.460502 7.835314
19.446633 -7.145633
-22.417451 -23.045666
-3.718465 -21.838602
-13.326728 23.671059
20.946882 16.829769
-11.869968 1.471220
-6.287223 12.691055
0.563763 8.059963
0.529116 -23.307070
-5.772884 21.501940
21.455132 10.773178
-11.106144 11.803950
6.118919 -8.109206
